[gd_scene load_steps=7 format=2]

[ext_resource path="res://Main.gd" type="Script" id=1]
[ext_resource path="res://new_Enviroment.tscn" type="PackedScene" id=2]
[ext_resource path="res://Environment/2016_04_09_ALMA_Central_Array_Reproj-CC.jpg" type="Texture" id=3]
[ext_resource path="res://player/AFK.tscn" type="PackedScene" id=4]

[sub_resource type="PanoramaSky" id=1]
panorama = ExtResource( 3 )

[sub_resource type="Environment" id=2]
background_mode = 2
background_sky = SubResource( 1 )

[node name="Main" type="Spatial"]
transform = Transform( 1, 0, 0, 0, 1, 0, 0, 0, 1, 0, 8.26185, 0 )
script = ExtResource( 1 )

[node name="Players" type="Spatial" parent="."]
transform = Transform( 1, 0, 0, 0, 1, 0, 0, 0, 1, 0, 10, -27.337 )

[node name="Scene Root" parent="." instance=ExtResource( 2 )]

[node name="WorldEnvironment" type="WorldEnvironment" parent="."]
environment = SubResource( 2 )

[node name="Robots" type="Spatial" parent="."]
transform = Transform( 1, 0, 0, 0, 1, 0, 0, 0, 1, 0, 0, -11.308 )

[node name="robot" parent="Robots" instance=ExtResource( 4 )]
transform = Transform( 1, 0, 0, 0, 1, 0, 0, 0, 1, 63.2265, 0.1, 9 )

[node name="robot18" parent="Robots" instance=ExtResource( 4 )]
transform = Transform( 1, 0, 0, 0, 1, 0, 0, 0, 1, -53.1301, 0.1, 9 )

[node name="robot2" parent="Robots" instance=ExtResource( 4 )]
transform = Transform( 0.588013, 0, 0.808851, 0, 1, 0, -0.808851, 0, 0.588013, 10, 0.1, 1.27553 )

[node name="robot33" parent="Robots" instance=ExtResource( 4 )]
transform = Transform( 0.588013, 0, 0.808851, 0, 1, 0, -0.808851, 0, 0.588013, -34.242, 0.1, 1.27553 )

[node name="robot3" parent="Robots" instance=ExtResource( 4 )]
transform = Transform( -0.234695, 0, 0.972069, 0, 1, 0, -0.972069, 0, -0.234695, 10, 0.1, 16.4773 )

[node name="robot34" parent="Robots" instance=ExtResource( 4 )]
transform = Transform( -0.234695, 0, 0.972069, 0, 1, 0, -0.972069, 0, -0.234695, -38.4003, 0.1, 20.1945 )

[node name="robot4" parent="Robots" instance=ExtResource( 4 )]
transform = Transform( 0.988459, 0, 0.151489, 0, 1, 0, -0.151489, 0, 0.988459, 45.8724, 0.1, -1.10744 )

[node name="robot22" parent="Robots" instance=ExtResource( 4 )]
transform = Transform( 0.988459, 0, 0.151489, 0, 1, 0, -0.151489, 0, 0.988459, -7.61881, 0.1, 30.8604 )

[node name="robot24" parent="Robots" instance=ExtResource( 4 )]
transform = Transform( 0.988459, 0, 0.151489, 0, 1, 0, -0.151489, 0, 0.988459, -16.8568, 0.1, 39.3266 )

[node name="robot25" parent="Robots" instance=ExtResource( 4 )]
transform = Transform( 0.988459, 0, 0.151489, 0, 1, 0, -0.151489, 0, 0.988459, 16.1841, 0.1, 45.1988 )

[node name="robot5" parent="Robots" instance=ExtResource( 4 )]
transform = Transform( 0.285459, 0, -0.958391, 0, 1, 0, 0.958391, 0, 0.285459, 19.4751, 0.1, 27.5888 )

[node name="robot23" parent="Robots" instance=ExtResource( 4 )]
transform = Transform( 0.285459, 0, -0.958391, 0, 1, 0, 0.958391, 0, 0.285459, -24.767, 0.1, 27.5888 )

